33,138
33,137
33,136
33,135
33,134
33,133
33,132
33,131
33,130
33,129
33,128
33,127
33,126
33,125
33,124
33,123
33,122
33,121
71,4
71,3
71,2
71,1
71,0
70,5
70,4
70,3
70,2
70,1
70,0
34,9
33,120
35,23
34,8
33,119
33,118
33,117
33,4
33,116
0,575
0,574
0,573
0,572
0,571
0,570
33,115
33,114
33,113
33,112
33,111
33,110
33,109
33,108
33,107
33,106
33,105
33,104
69,3
69,2
69,1
69,0
68,5
68,4
68,3
68,2
68,1
68,0
67,4
67,3
67,2
67,1
67,0
66,3
66,2
66,1
66,0
14,13
65,5
65,4
65,3
65,2
65,1
65,0
14,12
64,5
64,4
64,3
64,2
64,1
64,0
63,7
63,6
63,5
63,4
63,3
63,2
63,1
63,0
14,11
62,6
62,5
62,4
62,3
62,2
62,1
62,0
33,103
0,569
0,568
0,567
0,566
0,565
0,564
0,563
0,562
0,561
0,560
0,559
0,558
0,557
0,556
0,555
0,554
0,553
0,552
0,551
0,550
0,549
0,548
0,547
0,546
0,545
0,544
0,543
0,542
0,541
0,540
0,539
0,538
33,102
14,10
61,5
61,4
61,3
61,2
61,1
61,0
31,10
31,9
60,3
60,2
60,1
60,0
59,4
59,3
59,2
59,1
59,0
58,9
58,8
58,7
58,6
58,5
58,4
58,3
58,2
0,537
58,1
58,0
57,5
57,4
57,3
57,2
57,1
57,0
14,9
56,4
56,3
56,2
0,536
56,1
56,0
14,8
55,4
55,3
55,2
55,1
55,0
54,5
54,4
54,3
54,2
54,1
54,0
53,4
53,3
53,2
53,1
53,0
52,3
52,2
52,1
52,0
51,5
51,4
51,3
51,2
51,1
51,0
50,3
50,2
50,1
50,0
49,5
49,4
49,3
49,2
49,1
49,0
48,7
48,6
48,5
48,4
48,3
48,2
48,1
48,0
47,5
47,4
47,3
47,2
47,1
47,0
14,7
46,4
46,3
46,2
46,1
46,0
